1000
                 -50        1.92875e-022
               -49.9         2.1316e-022
               -49.8        2.35579e-022
               -49.7        2.60355e-022
               -49.6        2.87736e-022
               -49.5        3.17998e-022
               -49.4        3.51442e-022
               -49.3        3.88404e-022
               -49.2        4.29252e-022
               -49.1        4.74397e-022
                 -49         5.2429e-022
               -48.9         5.7943e-022
               -48.8        6.40369e-022
               -48.7        7.07717e-022
               -48.6        7.82149e-022
               -48.5        8.64408e-022
               -48.4        9.55319e-022
               -48.3        1.05579e-021
               -48.2        1.16683e-021
               -48.1        1.28955e-021
                 -48        1.42517e-021
               -47.9        1.57505e-021
               -47.8         1.7407e-021
               -47.7        1.92378e-021
               -47.6         2.1261e-021
               -47.5         2.3497e-021
               -47.4        2.59683e-021
               -47.3        2.86994e-021
               -47.2        3.17177e-021
               -47.1        3.50535e-021
                 -47        3.87401e-021
               -46.9        4.28144e-021
               -46.8        4.73172e-021
               -46.7        5.22936e-021
               -46.6        5.77934e-021
               -46.5        6.38716e-021
               -46.4         7.0589e-021
               -46.3        7.80129e-021
               -46.2        8.62176e-021
               -46.1        9.52852e-021
                 -46        1.05306e-020
               -45.9        1.16382e-020
               -45.8        1.28622e-020
               -45.7        1.42149e-020
               -45.6        1.57099e-020
               -45.5        1.73621e-020
               -45.4        1.91881e-020
               -45.3        2.12061e-020
               -45.2        2.34364e-020
               -45.1        2.59012e-020
                 -45        2.86253e-020
               -44.9        3.16358e-020
               -44.8         3.4963e-020
               -44.7        3.86401e-020
               -44.6        4.27039e-020
               -44.5        4.71951e-020
               -44.4        5.21586e-020
               -44.3        5.76442e-020
               -44.2        6.37067e-020
               -44.1        7.04068e-020
                 -44        7.78115e-020
               -43.9         8.5995e-020
               -43.8        9.50392e-020
               -43.7        1.05035e-019
               -43.6        1.16081e-019
               -43.5         1.2829e-019
               -43.4        1.41782e-019
               -43.3        1.56693e-019
               -43.2        1.73173e-019
               -43.1        1.91385e-019
                 -43        2.11514e-019
               -42.9        2.33759e-019
               -42.8        2.58343e-019
               -42.7        2.85514e-019
               -42.6        3.15541e-019
               -42.5        3.48727e-019
               -42.4        3.85403e-019
               -42.3        4.25936e-019
               -42.2        4.70732e-019
               -42.1         5.2024e-019
                 -42        5.74954e-019
               -41.9        6.35422e-019
               -41.8         7.0225e-019
               -41.7        7.76106e-019
               -41.6         8.5773e-019
               -41.5        9.47938e-019
               -41.4        1.04763e-018
               -41.3        1.15781e-018
               -41.2        1.27958e-018
               -41.1        1.41416e-018
                 -41        1.56289e-018
               -40.9        1.72726e-018
               -40.8        1.90891e-018
               -40.7        2.10968e-018
               -40.6        2.33155e-018
               -40.5        2.57676e-018
               -40.4        2.84776e-018
               -40.3        3.14727e-018
               -40.2        3.47827e-018
               -40.1        3.84408e-018
                 -40        4.24837e-018
               -39.9        4.69517e-018
               -39.8        5.18897e-018
               -39.7        5.73469e-018
               -39.6        6.33782e-018
               -39.5        7.00437e-018
               -39.4        7.74103e-018
               -39.3        8.55516e-018
               -39.2        9.45491e-018
               -39.1        1.04493e-017
                 -39        1.15483e-017
               -38.9        1.27628e-017
               -38.8        1.41051e-017
               -38.7        1.55885e-017
               -38.6         1.7228e-017
               -38.5        1.90399e-017
               -38.4        2.10423e-017
               -38.3        2.32553e-017
               -38.2        2.57011e-017
               -38.1        2.84041e-017
                 -38        3.13914e-017
               -37.9        3.46929e-017
               -37.8        3.83416e-017
               -37.7         4.2374e-017
               -37.6        4.68305e-017
               -37.5        5.17557e-017
               -37.4        5.71989e-017
               -37.3        6.32145e-017
               -37.2        6.98629e-017
               -37.1        7.72104e-017
                 -37        8.53307e-017
               -36.9         9.4305e-017
               -36.8        1.04223e-016
               -36.7        1.15184e-016
               -36.6        1.27298e-016
               -36.5        1.40687e-016
               -36.4        1.55483e-016
               -36.3        1.71835e-016
               -36.2        1.89907e-016
               -36.1         2.0988e-016
                 -36        2.31953e-016
               -35.9        2.56348e-016
               -35.8        2.83308e-016
               -35.7        3.13104e-016
               -35.6        3.46033e-016
               -35.5        3.82426e-016
               -35.4        4.22646e-016
               -35.3        4.67096e-016
               -35.2        5.16221e-016
               -35.1        5.70512e-016
                 -35        6.30513e-016
               -34.9        6.96825e-016
               -34.8        7.70111e-016
               -34.7        8.51104e-016
               -34.6        9.40615e-016
               -34.5        1.03954e-015
               -34.4        1.14887e-015
               -34.3         1.2697e-015
               -34.2        1.40323e-015
               -34.1        1.55081e-015
                 -34        1.71391e-015
               -33.9        1.89417e-015
               -33.8        2.09338e-015
               -33.7        2.31354e-015
               -33.6        2.55686e-015
               -33.5        2.82576e-015
               -33.4        3.12295e-015
               -33.3         3.4514e-015
               -33.2        3.81438e-015
               -33.1        4.21555e-015
                 -33         4.6589e-015
               -32.9        5.14888e-015
               -32.8        5.69039e-015
               -32.7        6.28885e-015
               -32.6        6.95026e-015
               -32.5        7.68122e-015
               -32.4        8.48907e-015
               -32.3        9.38187e-015
               -32.2        1.03686e-014
               -32.1         1.1459e-014
                 -32        1.26642e-014
               -31.9        1.39961e-014
               -31.8        1.54681e-014
               -31.7        1.70949e-014
               -31.6        1.88928e-014
               -31.5        2.08797e-014
               -31.4        2.30757e-014
               -31.3        2.55026e-014
               -31.2        2.81847e-014
               -31.1        3.11489e-014
                 -31        3.44249e-014
               -30.9        3.80454e-014
               -30.8        4.20466e-014
               -30.7        4.64687e-014
               -30.6        5.13559e-014
               -30.5         5.6757e-014
               -30.4        6.27262e-014
               -30.3        6.93232e-014
               -30.2        7.66139e-014
               -30.1        8.46715e-014
                 -30        9.35765e-014
               -29.9        1.03418e-013
               -29.8        1.14295e-013
               -29.7        1.26315e-013
               -29.6          1.396e-013
               -29.5        1.54282e-013
               -29.4        1.70507e-013
               -29.3         1.8844e-013
               -29.2        2.08258e-013
               -29.1        2.30161e-013
                 -29        2.54367e-013
               -28.9        2.81119e-013
               -28.8        3.10685e-013
               -28.7         3.4336e-013
               -28.6        3.79471e-013
               -28.5        4.19381e-013
               -28.4        4.63487e-013
               -28.3        5.12233e-013
               -28.2        5.66105e-013
               -28.1        6.25642e-013
                 -28        6.91442e-013
               -27.9        7.64161e-013
               -27.8        8.44529e-013
               -27.7        9.33349e-013
               -27.6        1.03151e-012
               -27.5        1.13999e-012
               -27.4        1.25989e-012
               -27.3        1.39239e-012
               -27.2        1.53883e-012
               -27.1        1.70067e-012
                 -27        1.87953e-012
               -26.9        2.07721e-012
               -26.8        2.29567e-012
               -26.7        2.53711e-012
               -26.6        2.80393e-012
               -26.5        3.09883e-012
               -26.4        3.42473e-012
               -26.3        3.78492e-012
               -26.2        4.18298e-012
               -26.1        4.62291e-012
                 -26         5.1091e-012
               -25.9        5.64643e-012
               -25.8        6.24027e-012
               -25.7        6.89657e-012
               -25.6        7.62188e-012
               -25.5        8.42349e-012
               -25.4        9.30939e-012
               -25.3        1.02885e-011
               -25.2        1.13705e-011
               -25.1        1.25664e-011
                 -25         1.3888e-011
               -24.9        1.53486e-011
               -24.8        1.69628e-011
               -24.7        1.87468e-011
               -24.6        2.07184e-011
               -24.5        2.28974e-011
               -24.4        2.53055e-011
               -24.3         2.7967e-011
               -24.2        3.09083e-011
               -24.1        3.41589e-011
                 -24        3.77514e-011
               -23.9        4.17218e-011
               -23.8        4.61097e-011
               -23.7        5.09591e-011
               -23.6        5.63185e-011
               -23.5        6.22416e-011
               -23.4        6.87876e-011
               -23.3        7.60221e-011
               -23.2        8.40174e-011
               -23.1        9.28536e-011
                 -23        1.02619e-010
               -22.9        1.13412e-010
               -22.8        1.25339e-010
               -22.7        1.38521e-010
               -22.6         1.5309e-010
               -22.5         1.6919e-010
               -22.4        1.86984e-010
               -22.3        2.06649e-010
               -22.2        2.28383e-010
               -22.1        2.52402e-010
                 -22        2.78948e-010
               -21.9        3.08285e-010
               -21.8        3.40707e-010
               -21.7         3.7654e-010
               -21.6        4.16141e-010
               -21.5        4.59907e-010
               -21.4        5.08276e-010
               -21.3        5.61731e-010
               -21.2        6.20809e-010
               -21.1          6.861e-010
                 -21        7.58258e-010
               -20.9        8.38005e-010
               -20.8        9.26138e-010
               -20.7        1.02354e-009
               -20.6        1.13119e-009
               -20.5        1.25016e-009
               -20.4        1.38164e-009
               -20.3        1.52694e-009
               -20.2        1.68753e-009
               -20.1        1.86501e-009
                 -20        2.06116e-009
               -19.9        2.27793e-009
               -19.8        2.51751e-009
               -19.7        2.78227e-009
               -19.6        3.07489e-009
               -19.5        3.39828e-009
               -19.4        3.75568e-009
               -19.3        4.15066e-009
               -19.2        4.58719e-009
               -19.1        5.06963e-009
                 -19        5.60281e-009
               -18.9        6.19206e-009
               -18.8        6.84329e-009
               -18.7          7.563e-009
               -18.6        8.35841e-009
               -18.5        9.23747e-009
               -18.4         1.0209e-008
               -18.3        1.12827e-008
               -18.2        1.24693e-008
               -18.1        1.37807e-008
                 -18          1.523e-008
               -17.9        1.68318e-008
               -17.8         1.8602e-008
               -17.7        2.05584e-008
               -17.6        2.27205e-008
               -17.5        2.51101e-008
               -17.4        2.77509e-008
               -17.3        3.06695e-008
               -17.2         3.3895e-008
               -17.1        3.74598e-008
                 -17        4.13995e-008
               -16.9        4.57535e-008
               -16.8        5.05654e-008
               -16.7        5.58835e-008
               -16.6        6.17608e-008
               -16.5        6.82562e-008
               -16.4        7.54348e-008
               -16.3        8.33683e-008
               -16.2        9.21362e-008
               -16.1        1.01826e-007
                 -16        1.12535e-007
               -15.9        1.24371e-007
               -15.8        1.37451e-007
               -15.7        1.51907e-007
               -15.6        1.67883e-007
               -15.5         1.8554e-007
               -15.4        2.05053e-007
               -15.3        2.26619e-007
               -15.2        2.50452e-007
               -15.1        2.76793e-007
                 -15        3.05903e-007
               -14.9        3.38075e-007
               -14.8        3.73631e-007
               -14.7        4.12926e-007
               -14.6        4.56354e-007
               -14.5        5.04349e-007
               -14.4        5.57392e-007
               -14.3        6.16013e-007
               -14.2          6.808e-007
               -14.1          7.524e-007
                 -14        8.31531e-007
               -13.9        9.18983e-007
               -13.8        1.01563e-006
               -13.7        1.12245e-006
               -13.6         1.2405e-006
               -13.5        1.37096e-006
               -13.4        1.51515e-006
               -13.3         1.6745e-006
               -13.2         1.8506e-006
               -13.1        2.04523e-006
                 -13        2.26033e-006
               -12.9        2.49805e-006
               -12.8        2.76078e-006
               -12.7        3.05113e-006
               -12.6        3.37202e-006
               -12.5        3.72666e-006
               -12.4        4.11859e-006
               -12.3        4.55175e-006
               -12.2        5.03046e-006
               -12.1        5.55952e-006
                 -12        6.14421e-006
               -11.9        6.79041e-006
               -11.8        7.50456e-006
               -11.7        8.29382e-006
               -11.6        9.16608e-006
               -11.5        1.01301e-005
               -11.4        1.11955e-005
               -11.3        1.23729e-005
               -11.2        1.36742e-005
               -11.1        1.51123e-005
                 -11        1.67016e-005
               -10.9        1.84582e-005
               -10.8        2.03994e-005
               -10.7        2.25448e-005
               -10.6        2.49159e-005
               -10.5        2.75363e-005
               -10.4        3.04322e-005
               -10.3        3.36328e-005
               -10.2        3.71699e-005
               -10.1        4.10791e-005
                 -10        4.53993e-005
                -9.9        5.01739e-005
                -9.8        5.54507e-005
                -9.7        6.12823e-005
                -9.6        6.77273e-005
                -9.5          7.485e-005
                -9.4        8.27219e-005
                -9.3        9.14215e-005
                -9.2         0.000101036
                -9.1         0.000111662
                  -9         0.000123405
                -8.9         0.000136383
                -8.8         0.000150725
                -8.7         0.000166576
                -8.6         0.000184094
                -8.5         0.000203454
                -8.4          0.00022485
                -8.3         0.000248496
                -8.2         0.000274628
                -8.1         0.000303507
                  -8         0.000335424
                -7.9         0.000370696
                -7.8         0.000409677
                -7.7         0.000452756
                -7.6         0.000500364
                -7.5         0.000552978
                -7.4         0.000611122
                -7.3         0.000675379
                -7.2         0.000746391
                -7.1         0.000824866
                  -7          0.00091159
                -6.9          0.00100743
                -6.8          0.00111334
                -6.7          0.00123038
                -6.6          0.00135972
                -6.5          0.00150264
                -6.4          0.00166059
                -6.3          0.00183512
                -6.2          0.00202798
                -6.1           0.0022411
                  -6          0.00247659
                -5.9           0.0027368
                -5.8          0.00302433
                -5.7          0.00334202
                -5.6          0.00369305
                -5.5          0.00408089
                -5.4           0.0045094
                -5.3          0.00498282
                -5.2          0.00550585
                -5.1          0.00608366
                  -5          0.00672197
                -4.9          0.00742708
                -4.8          0.00820593
                -4.7           0.0090662
                -4.6           0.0100163
                -4.5           0.0110657
                -4.4           0.0122244
                -4.3            0.013504
                -4.2           0.0149168
                -4.1           0.0164765
                  -4           0.0181983
                -3.9           0.0200987
                -3.8            0.022196
                -3.7           0.0245103
                -3.6           0.0270637
                -3.5           0.0298803
                -3.4           0.0329866
                -3.3           0.0364117
                -3.2           0.0401876
                -3.1           0.0443489
                  -3           0.0489338
                -2.9           0.0539839
                -2.8           0.0595445
                -2.7           0.0656648
                -2.6           0.0723986
                -2.5           0.0798041
                -2.4           0.0879442
                -2.3           0.0968874
                -2.2            0.106707
                -2.1            0.117483
                  -2            0.129299
                -1.9            0.142247
                -1.8            0.156425
                -1.7            0.171935
                -1.6            0.188887
                -1.5            0.207399
                -1.4             0.22759
                -1.3             0.24959
                -1.2            0.273532
                -1.1            0.299553
                  -1            0.327796
                -0.9            0.358408
                -0.8            0.391536
                -0.7            0.427334
                -0.6             0.46595
                -0.5            0.507538
                -0.4            0.552246
                -0.3            0.600222
                -0.2            0.651607
                -0.1            0.706539
                   0            0.765148
                 0.1            0.827558
                 0.2            0.893883
                 0.3            0.964226
                 0.4             1.03868
                 0.5             1.11733
                 0.6             1.20025
                 0.7              1.2875
                 0.8             1.37912
                 0.9             1.47516
                   1             1.57564
                 1.1             1.68058
                 1.2             1.78998
                 1.3             1.90383
                 1.4             2.02214
                 1.5             2.14486
                 1.6             2.27199
                 1.7             2.40348
                 1.8              2.5393
                 1.9             2.67939
                   2             2.82372
                 2.1             2.97224
                 2.2             3.12487
                 2.3             3.28158
                 2.4              3.4423
                 2.5             3.60698
                 2.6             3.77555
                 2.7             3.94795
                 2.8             4.12412
                 2.9             4.30401
                   3             4.48755
                 3.1             4.67469
                 3.2             4.86536
                 3.3             5.05952
                 3.4              5.2571
                 3.5             5.45805
                 3.6             5.66232
                 3.7             5.86986
                 3.8             6.08061
                 3.9             6.29453
                   4             6.51157
                 4.1             6.73169
                 4.2             6.95484
                 4.3             7.18097
                 4.4             7.41005
                 4.5             7.64204
                 4.6             7.87689
                 4.7             8.11457
                 4.8             8.35504
                 4.9             8.59827
                   5             8.84421
                 5.1             9.09285
                 5.2             9.34415
                 5.3             9.59807
                 5.4             9.85458
                 5.5             10.1137
                 5.6             10.3753
                 5.7             10.6394
                 5.8              10.906
                 5.9             11.1751
                   6             11.4466
                 6.1             11.7205
                 6.2             11.9968
                 6.3             12.2755
                 6.4             12.5565
                 6.5             12.8398
                 6.6             13.1254
                 6.7             13.4133
                 6.8             13.7035
                 6.9             13.9959
                   7             14.2905
                 7.1             14.5873
                 7.2             14.8863
                 7.3             15.1875
                 7.4             15.4908
                 7.5             15.7963
                 7.6             16.1039
                 7.7             16.4135
                 7.8             16.7253
                 7.9             17.0391
                   8              17.355
                 8.1              17.673
                 8.2             17.9929
                 8.3             18.3149
                 8.4             18.6389
                 8.5             18.9648
                 8.6             19.2928
                 8.7             19.6227
                 8.8             19.9545
                 8.9             20.2883
                   9              20.624
                 9.1             20.9617
                 9.2             21.3012
                 9.3             21.6426
                 9.4             21.9859
                 9.5             22.3311
                 9.6             22.6781
                 9.7              23.027
                 9.8             23.3777
                 9.9             23.7303
                  10             24.0847
                10.1             24.4409
                10.2             24.7988
                10.3             25.1586
                10.4             25.5202
                10.5             25.8835
                10.6             26.2486
                10.7             26.6154
                10.8              26.984
                10.9             27.3543
                  11             27.7264
                11.1             28.1001
                11.2             28.4756
                11.3             28.8528
                11.4             29.2317
                11.5             29.6123
                11.6             29.9945
                11.7             30.3785
                11.8             30.7641
                11.9             31.1513
                  12             31.5402
                12.1             31.9308
                12.2              32.323
                12.3             32.7168
                12.4             33.1122
                12.5             33.5093
                12.6             33.9079
                12.7             34.3082
                12.8               34.71
                12.9             35.1135
                  13             35.5185
                13.1             35.9251
                13.2             36.3333
                13.3             36.7431
                13.4             37.1544
                13.5             37.5672
                13.6             37.9816
                13.7             38.3976
                13.8             38.8151
                13.9             39.2341
                  14             39.6546
                14.1             40.0767
                14.2             40.5002
                14.3             40.9253
                14.4             41.3519
                14.5             41.7799
                14.6             42.2095
                14.7             42.6405
                14.8             43.0731
                14.9             43.5071
                  15             43.9425
                15.1             44.3795
                15.2             44.8179
                15.3             45.2577
                15.4              45.699
                15.5             46.1418
                15.6              46.586
                15.7             47.0316
                15.8             47.4786
                15.9             47.9271
                  16              48.377
                16.1             48.8283
                16.2             49.2811
                16.3             49.7352
                16.4             50.1908
                16.5             50.6477
                16.6             51.1061
                16.7             51.5658
                16.8             52.0269
                16.9             52.4894
                  17             52.9533
                17.1             53.4186
                17.2             53.8852
                17.3             54.3532
                17.4             54.8225
                17.5             55.2933
                17.6             55.7653
                17.7             56.2387
                17.8             56.7135
                17.9             57.1896
                  18             57.6671
                18.1             58.1458
                18.2              58.626
                18.3             59.1074
                18.4             59.5902
                18.5             60.0742
                18.6             60.5596
                18.7             61.0464
                18.8             61.5344
                18.9             62.0237
                  19             62.5143
                19.1             63.0063
                19.2             63.4995
                19.3              63.994
                19.4             64.4898
                19.5             64.9869
                19.6             65.4853
                19.7             65.9849
                19.8             66.4859
                19.9             66.9881
                  20             67.4915
                20.1             67.9963
                20.2             68.5023
                20.3             69.0095
                20.4              69.518
                20.5             70.0278
                20.6             70.5388
                20.7             71.0511
                20.8             71.5646
                20.9             72.0793
                  21             72.5953
                21.1             73.1125
                21.2              73.631
                21.3             74.1507
                21.4             74.6716
                21.5             75.1937
                21.6              75.717
                21.7             76.2416
                21.8             76.7674
                21.9             77.2944
                  22             77.8226
                22.1              78.352
                22.2             78.8826
                22.3             79.4144
                22.4             79.9474
                22.5             80.4816
                22.6              81.017
                22.7             81.5536
                22.8             82.0914
                22.9             82.6303
                  23             83.1705
                23.1             83.7118
                23.2             84.2543
                23.3             84.7979
                23.4             85.3428
                23.5             85.8888
                23.6              86.436
                23.7             86.9843
                23.8             87.5338
                23.9             88.0845
                  24             88.6363
                24.1             89.1892
                24.2             89.7434
                24.3             90.2986
                24.4              90.855
                24.5             91.4126
                24.6             91.9713
                24.7             92.5312
                24.8             93.0921
                24.9             93.6543
                  25             94.2175
                25.1             94.7819
                25.2             95.3474
                25.3              95.914
                25.4             96.4818
                25.5             97.0507
                25.6             97.6207
                25.7             98.1918
                25.8              98.764
                25.9             99.3374
                  26             99.9118
                26.1             100.487
                26.2             101.064
                26.3             101.642
                26.4             102.221
                26.5             102.801
                26.6             103.382
                26.7             103.964
                26.8             104.547
                26.9             105.132
                  27             105.717
                27.1             106.304
                27.2             106.891
                27.3              107.48
                27.4              108.07
                27.5             108.661
                27.6             109.252
                27.7             109.845
                27.8              110.44
                27.9             111.035
                  28             111.631
                28.1             112.228
                28.2             112.827
                28.3             113.426
                28.4             114.027
                28.5             114.628
                28.6             115.231
                28.7             115.834
                28.8             116.439
                28.9             117.045
                  29             117.652
                29.1              118.26
                29.2             118.869
                29.3             119.478
                29.4              120.09
                29.5             120.702
                29.6             121.315
                29.7             121.929
                29.8             122.544
                29.9              123.16
                  30             123.777
                30.1             124.396
                30.2             125.015
                30.3             125.635
                30.4             126.257
                30.5             126.879
                30.6             127.502
                30.7             128.127
                30.8             128.752
                30.9             129.379
                  31             130.006
                31.1             130.635
                31.2             131.264
                31.3             131.895
                31.4             132.526
                31.5             133.159
                31.6             133.792
                31.7             134.427
                31.8             135.062
                31.9             135.699
                  32             136.337
                32.1             136.975
                32.2             137.615
                32.3             138.255
                32.4             138.897
                32.5             139.539
                32.6             140.183
                32.7             140.827
                32.8             141.473
                32.9             142.119
                  33             142.767
                33.1             143.415
                33.2             144.065
                33.3             144.715
                33.4             145.366
                33.5             146.019
                33.6             146.672
                33.7             147.326
                33.8             147.982
                33.9             148.638
                  34             149.295
                34.1             149.953
                34.2             150.613
                34.3             151.273
                34.4             151.934
                34.5             152.596
                34.6             153.259
                34.7             153.923
                34.8             154.588
                34.9             155.254
                  35             155.921
                35.1             156.588
                35.2             157.257
                35.3             157.927
                35.4             158.598
                35.5             159.269
                35.6             159.942
                35.7             160.615
                35.8              161.29
                35.9             161.965
                  36             162.641
                36.1             163.319
                36.2             163.997
                36.3             164.676
                36.4             165.356
                36.5             166.037
                36.6             166.719
                36.7             167.402
                36.8             168.086
                36.9             168.771
                  37             169.456
                37.1             170.143
                37.2             170.831
                37.3             171.519
                37.4             172.208
                37.5             172.899
                37.6              173.59
                37.7             174.282
                37.8             174.975
                37.9             175.669
                  38             176.364
                38.1              177.06
                38.2             177.757
                38.3             178.454
                38.4             179.153
                38.5             179.853
                38.6             180.553
                38.7             181.254
                38.8             181.956
                38.9              182.66
                  39             183.364
                39.1             184.069
                39.2             184.774
                39.3             185.481
                39.4             186.189
                39.5             186.897
                39.6             187.607
                39.7             188.317
                39.8             189.028
                39.9              189.74
                  40             190.453
                40.1             191.167
                40.2             191.882
                40.3             192.598
                40.4             193.314
                40.5             194.032
                40.6              194.75
                40.7              195.47
                40.8              196.19
                40.9             196.911
                  41             197.633
                41.1             198.355
                41.2             199.079
                41.3             199.804
                41.4             200.529
                41.5             201.255
                41.6             201.982
                41.7              202.71
                41.8             203.439
                41.9             204.169
                  42               204.9
                42.1             205.631
                42.2             206.364
                42.3             207.097
                42.4             207.831
                42.5             208.566
                42.6             209.302
                42.7             210.039
                42.8             210.776
                42.9             211.515
                  43             212.254
                43.1             212.994
                43.2             213.736
                43.3             214.477
                43.4              215.22
                43.5             215.964
                43.6             216.708
                43.7             217.454
                43.8               218.2
                43.9             218.947
                  44             219.695
                44.1             220.444
                44.2             221.193
                44.3             221.944
                44.4             222.695
                44.5             223.447
                44.6               224.2
                44.7             224.954
                44.8             225.709
                44.9             226.464
                  45              227.22
                45.1             227.978
                45.2             228.736
                45.3             229.495
                45.4             230.254
                45.5             231.015
                45.6             231.776
                45.7             232.538
                45.8             233.302
                45.9             234.065
                  46              234.83
                46.1             235.596
                46.2             236.362
                46.3             237.129
                46.4             237.897
                46.5             238.666
                46.6             239.436
                46.7             240.207
                46.8             240.978
                46.9              241.75
                  47             242.523
                47.1             243.297
                47.2             244.072
                47.3             244.847
                47.4             245.624
                47.5             246.401
                47.6             247.179
                47.7             247.957
                47.8             248.737
                47.9             249.517
                  48             250.299
                48.1             251.081
                48.2             251.863
                48.3             252.647
                48.4             253.432
                48.5             254.217
                48.6             255.003
                48.7              255.79
                48.8             256.578
                48.9             257.366
                  49             258.155
                49.1             258.946
                49.2             259.737
                49.3             260.528
                49.4             261.321
                49.5             262.114
                49.6             262.908
                49.7             263.703
                49.8             264.499
                49.9             265.296

