63
-0.0013
-0.001
-0.0008
-0.0006
-0.0004
-0.0002
0
0.0001
0.0002
0.0004
0.0006
0.0008
0.001
0.0012
0.0014
0.0016
0.0018
0.002
0.0022
0.0024
0.0026
0.0028
0.003
0.0032
0.0034
0.0036
0.0038
0.004
0.0044
0.0048
0.0052
0.0056
0.006
0.0064
0.0068
0.0072
0.0076
0.008
0.0085
0.009
0.0095
0.01
0.011
0.012
0.013
0.014
0.015
0.016
0.018
0.02
0.024
0.028
0.032
0.036
0.04
0.045
0.05
0.055
0.06
0.07
0.08
0.09
0.1
115
-0.0825
-0.08
-0.078
-0.076
-0.074
-0.072
-0.07
-0.066
-0.064
-0.062
-0.06
-0.0575
-0.056
-0.054
-0.052
-0.05
-0.048
-0.046
-0.044
-0.042
-0.04
-0.038
-0.036
-0.034
-0.033
-0.0325
-0.032
-0.0315
-0.031
-0.0305
-0.03
-0.029
-0.028
-0.0275
-0.027
-0.0265
-0.026
-0.0255
-0.025
-0.0245
-0.024
-0.0235
-0.023
-0.0225
-0.022
-0.0215
-0.021
-0.02
-0.018
-0.016
-0.014
-0.012
-0.01
-0.008
-0.006
-0.004
-0.002
0
0.002
0.004
0.006
0.008
0.01
0.012
0.014
0.016
0.018
0.02
0.021
0.0215
0.022
0.0225
0.023
0.0235
0.024
0.0245
0.025
0.0255
0.026
0.0265
0.027
0.0275
0.028
0.029
0.03
0.0305
0.031
0.0315
0.032
0.0325
0.033
0.034
0.036
0.038
0.04
0.042
0.044
0.046
0.048
0.05
0.052
0.054
0.056
0.0575
0.06
0.062
0.064
0.066
0.07
0.072
0.074
0.076
0.078
0.08
0.0825